Case #1:
44.721360
25.000000
25.000000
Case #2:
50000.000000
50000.000000
Case #3:
10140.974143
Case #4:
1.414214
0.451524
Case #5:
2.247973
2.832419
3.056486
1.371421
1.991602
1.475776
1.214945
3.267521
2.816551
1.692012
1.874794
1.487225
1.471270
2.392866
1.334796
1.550067
1.203122
1.305635
1.213055
1.462380
1.241020
2.232142
1.271736
1.325679
1.381522
1.500132
3.468991
1.534566
2.071239
1.861025
1.348400
3.056486
1.393752
1.227124
1.396621
1.480324
1.209301
1.641492
1.542258
1.705824
1.451491
1.284976
1.847556
1.255399
1.345817
1.676866
1.469032
1.977839
2.755646
2.319221
1.428366
2.512192
1.233682
1.770496
3.231281
1.473517
1.328147
2.463407
3.768289
2.297566
1.843130
2.898684
3.357058
1.571485
1.241020
3.529326
3.036574
1.351866
1.418214
1.644616
1.617127
1.325679
1.438739
1.422249
1.333960
1.367802
2.332512
1.264555
1.879452
2.289072
1.256096
1.355359
1.432488
1.685230
1.414214
2.306155
1.208679
2.960647
1.838737
3.330728
1.886504
1.705824
3.397752
3.609366
2.355180
1.780349
1.650917
1.291753
1.390901
1.543551
1.590973
2.055770
1.204350
1.668626
1.606804
1.891250
2.017119
2.201458
2.490155
1.312746
1.303290
1.548757
1.611204
3.151201
1.258195
2.924759
1.593816
1.524486
1.509733
1.368704
1.335635
1.635298
1.290237
2.969828
1.253314
1.204966
1.239676
1.252622
2.268243
1.293273
1.333125
1.267413
2.280672
2.432420
1.213684
1.448271
1.365107
1.246439
1.972412
1.980569
1.329800
3.076795
1.602439
1.399507
1.695433
1.690309
1.223238
1.403384
1.259600
1.243044
1.223238
1.790368
1.210549
2.881682
1.378745
1.879452
1.670265
1.881794
2.468688
1.712859
1.274643
1.399507
1.419220
1.307992
3.017046
1.455817
3.713005
1.309571
1.621613
1.530763
3.087102
2.873293
2.581989
1.318357
1.933091
2.034685
2.157716
1.497760
2.671269
1.666993
2.276506
1.662121
1.494224
1.224529
1.760806
2.600366
2.793241
1.658897
1.925506
2.785599
1.559329
1.776388
2.412400
1.603890
1.330629
1.388067
2.240015
1.572853
1.581139
1.513381
2.898684
1.465694
1.248490
1.662121
1.491880
1.714631
2.080689
2.741027
1.250551
2.133373
1.778365
1.434563
1.235671
1.375984
1.453649
2.924759
3.642942
2.087062
3.483784
1.758887
1.489547
1.693720
2.625491
1.620114
1.384315
1.227124
1.239006
2.369103
1.268849
1.265268
1.357997
2.106537
1.663740
1.440841
1.700605
1.450415
1.322410
1.579749
2.523433
1.257494
1.638386
1.223883
1.412226
1.845339
Case #6:
60.705253
60.705253
72.233695
60.705253
62.125023
60.705253
60.705253
60.705253
70.107219
83.367550
60.705253
75.881828
60.705253
117.899520
60.705253
60.705253
89.930225
60.705253
60.705253
60.705253
60.705253
60.705253
60.705253
60.705253
60.705253
111.936791
60.756606
60.705253
60.705253
60.705253
60.705253
60.705253
84.026593
60.705253
72.661117
60.705253
60.705253
67.199944
60.705253
64.102221
103.218796
60.705253
62.879744
69.158498
71.918033
93.620079
88.532778
122.793681
60.705253
60.705253
60.705253
65.477633
60.705253
87.762914
60.705253
60.705253
60.705253
60.705253
81.177401
60.705253
119.305926
60.705253
64.932302
60.705253
60.705253
60.705253
60.705253
75.036658
60.705253
60.705253
60.705253
85.218519
121.261891
60.705253
60.705253
65.795488
74.219113
60.705253
60.705253
87.198516
60.705253
60.705253
90.549729
73.876825
108.910912
60.705253
60.705253
60.705253
66.610829
61.396841
60.705253
66.036940
104.158592
114.802181
71.503517
60.705253
98.068867
60.705253
60.705253
81.785480
113.138293
60.705253
60.705253
75.516130
106.455278
63.374590
67.543680
60.705253
82.883320
60.705253
60.705253
61.658662
95.277200
77.269640
60.705253
60.705253
60.705253
60.705253
110.392761
102.004415
60.705253
63.090397
60.705253
60.705253
64.626736
60.705253
60.705253
133.388080
60.705253
60.705253
60.705253
92.046520
61.923862
60.705253
60.705253
60.705253
126.606363
60.705253
84.531261
60.705253
60.705253
60.705253
60.705253
60.705253
60.705253
78.193478
101.121243
92.935879
116.099422
60.705253
66.363050
80.730139
60.705253
60.705253
82.250614
124.929384
60.705253
62.396312
97.283256
130.797774
99.146579
70.795042
60.705253
60.705253
60.705253
60.705253
60.705253
60.705253
60.705253
60.705253
60.705253
60.705253
61.202649
63.590272
80.145130
60.705253
60.705253
60.705253
60.705253
63.881305
60.705253
89.123660
91.396007
69.818512
68.158125
60.705253
128.951125
60.705253
67.804972
76.756215
70.497791
78.599680
76.377793
60.705253
60.705253
60.705253
60.705253
60.705253
60.705253
62.602128
60.705253
60.705253
60.705253
60.705253
60.705253
68.789650
96.264555
60.705253
79.151264
60.705253
60.705253
64.400372
60.705253
77.661543
99.978593
60.705253
60.705253
60.705253
72.986710
65.242243
60.705253
60.946570
60.705253
107.837872
60.705253
60.705253
71.197290
74.682987
86.462650
73.427722
85.745106
60.705253
60.705253
60.705253
60.705253
60.705253
60.705253
60.705253
105.452537
60.705253
79.714625
66.945559
60.705253
68.426641
60.705253
60.705253
60.705253
94.556303
69.439061
60.705253
Case #7:
59.551796
50.297612
62.310216
60.597947
95.425940
51.362706
56.860472
52.641873
71.344811
72.468420
47.447898
52.704803
58.780504
50.238199
47.156409
47.895148
46.904870
51.327861
48.249527
50.433282
51.088748
52.600216
49.892639
67.945464
47.364369
47.542182
80.544146
51.521706
47.854841
49.672120
51.757942
48.143051
52.983852
53.027725
49.090153
49.316501
49.445888
50.418069
54.113659
48.603697
56.380057
60.287559
48.059240
79.259468
61.707364
56.480787
71.713520
82.452394
50.906555
53.457772
49.202297
47.735583
48.121986
52.662790
54.664638
65.268215
55.285418
58.438216
72.088006
64.852048
56.966950
88.755326
57.907603
71.528453
47.112212
87.045044
51.415304
49.367936
56.413503
95.866709
61.418530
51.684406
47.042224
55.314787
47.336801
50.681534
47.318496
64.715085
64.443741
57.002730
73.646846
48.347026
50.342526
50.327521
54.529954
49.658587
55.768247
60.545541
53.815282
52.768275
50.179319
49.511592
54.884933
48.615109
48.895680
47.609128
59.986592
68.586473
49.290942
47.410621
52.725900
67.168919
51.190210
57.074730
50.841495
47.834792
46.973117
72.660900
59.839495
52.235605
61.475654
49.795228
48.028118
50.448529
53.049758
50.988767
53.527956
48.836150
52.395407
57.868030
51.432925
47.007562
51.156222
48.271055
55.025722
62.248352
48.883727
94.991196
91.714646
49.472087
52.355126
53.963045
59.272409
49.028717
53.504490
52.558793
55.403522
52.810893
50.729125
49.726543
47.291152
60.389951
68.424521
61.707364
54.037990
48.017781
46.812404
50.034398
57.519431
62.186847
49.991543
57.406162
51.055258
67.788000
48.238792
48.080081
54.319073
49.577986
60.493407
51.557537
86.714701
90.198597
67.322098
69.924872
74.465169
53.987947
69.413843
59.742646
48.196048
49.485228
46.795760
47.245874
57.443760
51.293190
67.476330
53.005756
63.263593
61.193156
59.226624
56.651321
51.832251
87.717217
47.438555
70.624138
47.476018
49.329321
49.458974
54.829294
90.947146
53.790925
47.103415
54.088355
52.118028
53.670280
71.900032
50.020081
49.631607
63.136430
51.647923
48.558260
49.016503
56.447080
54.293103
76.864367
57.294309
51.380194
68.263711
48.007462
47.174187
56.052575
96.313643
50.809198
65.408728
47.599516
66.125165
85.745791
49.551345
94.139240
49.906676
97.226589
47.401340
48.100996
47.804849
50.267838
55.553558
53.296478
47.794903
54.503286
56.616945
85.117609
81.345600
53.160904
48.281848
Case #8:
67.039013
95.193455
72.642775
64.805067
71.431317
65.621691
75.548009
111.660199
64.365423
80.900326
74.709186
66.424082
79.792046
67.612823
115.843669
65.440751
68.518878
66.050295
72.044227
69.400410
72.183206
64.581542
82.706833
69.259848
73.669324
64.284955
65.476558
74.782600
73.474160
75.830185
91.495199
119.068563
67.114008
68.500762
71.989230
99.660100
66.876676
78.834385
68.814560
65.104040
72.761358
81.428108
65.002882
68.009920
64.761900
65.369698
70.053664
73.095504
70.955274
65.769956
68.890241
124.181107
77.511532
79.733446
65.488535
78.942960
76.036598
77.803004
65.464601
69.502322
67.083919
65.883279
69.966414
65.334448
79.275072
78.462419
65.998479
75.627839
85.055973
67.661337
70.573750
64.274967
68.758270
67.374841
105.482256
65.921468
69.880070
90.848582
68.776989
64.815903
68.482688
66.451549
66.760842
72.972604
126.418785
76.905773
68.181669
64.225259
72.525700
73.868559
68.702377
88.589845
64.264995
68.985865
65.908715
75.667989
64.947339
76.549419
72.942131
72.071852
74.492159
76.462181
69.522858
66.920594
69.102144
68.304209
66.141904
73.282930
68.537036
77.416088
67.250952
67.068920
70.527234
66.479123
104.820919
65.172338
69.773390
66.534591
90.425043
66.818528
69.380180
68.286584
68.095316
65.206749
64.325063
64.457165
71.587178
71.177534
99.942825
71.227705
73.033852
107.191966
64.385698
121.036771
64.426439
67.596720
76.162455
74.636312
66.562486
106.156271
97.746011
69.239966
64.655207
67.453331
74.893750
109.357679
89.391580
112.058276
120.535582
98.012712
66.315258
69.360001
70.275857
68.947477
64.294959
77.181111
71.508904
100.515568
96.958782
73.314534
71.457103
71.613424
83.193825
101.393449
87.049035
99.101776
71.666150
66.328770
71.278166
69.626319
67.693855
67.908687
67.159375
82.228294
78.673458
104.494881
69.794617
80.271779
105.817654
66.935292
67.009229
75.158019
66.115608
76.289856
74.314893
92.155823
92.379231
64.969501
102.600557
67.942282
77.042554
77.368681
71.379969
67.992955
66.465323
122.578703
66.089410
66.891286
78.153173
64.156310
70.667551
79.107803
73.603824
116.738228
66.208076
65.252906
93.754680
75.708298
78.514806
67.235610
79.387962
93.289393
86.125901
70.882436
68.610092
67.645131
77.274487
69.461404
122.058197
71.853192
78.358377
65.149495
70.762392
66.492950
67.726512
64.355309
81.495731
82.070617
69.024437
65.276104
82.386883
71.907360
67.710166
66.396719
66.155088
66.437802
66.011397
Case #9:
57.882775
43.003876
38.784897
36.824119
40.536372
40.568685
47.108386
65.709135
36.824119
36.824119
72.010887
42.071735
48.874556
51.177208
36.824119
36.824119
49.450248
36.824119
36.824119
36.824119
36.824119
41.231616
51.373165
42.586168
48.818086
36.824119
37.623651
38.869983
52.739711
36.824119
39.481687
42.927014
36.824119
42.326607
63.865224
50.291503
37.292607
86.788946
42.144085
91.969703
36.824119
84.071398
44.590364
37.597872
62.285059
52.318348
46.512053
36.824119
69.441295
45.070548
36.824119
45.937808
36.824119
36.824119
62.052217
64.376154
36.824119
68.487822
36.824119
36.824119
38.700367
52.810933
52.810933
36.824119
36.824119
95.562054
36.824119
36.824119
36.824119
36.824119
44.719799
46.174480
47.623247
64.899546
36.824119
40.829999
56.787102
36.824119
46.857139
37.217446
36.824119
38.285857
36.824119
90.498093
36.824119
36.824119
36.824119
37.675367
58.262338
70.435732
45.159533
39.013045
47.261087
36.824119
49.986148
37.884386
39.362945
94.318243
45.294003
40.091950
47.940386
68.959616
41.265621
45.114975
53.026342
42.363397
45.890909
37.093180
36.824119
48.649844
36.824119
68.332697
39.541463
40.764198
63.614279
36.824119
41.999756
36.824119
99.135693
67.722571
44.982088
39.541463
87.429464
36.824119
43.634003
43.276178
64.247272
51.242277
59.244909
54.144378
36.824119
38.532953
62.520542
50.107621
53.915113
36.824119
47.940386
68.025582
38.955631
45.612498
37.572147
65.166075
41.163856
89.094936
36.824119
49.567847
46.907067
36.824119
59.144408
83.784953
58.358401
37.753343
66.837271
36.824119
63.739381
36.824119
97.299688
43.674311
42.850564
36.824119
44.763196
36.824119
55.501190
36.824119
36.824119
40.633543
39.041848
36.824119
65.572098
36.824119
36.824119
38.927019
36.824119
73.696676
36.824119
50.168691
41.333885
63.366269
39.422182
53.026342
40.185953
36.824119
49.102411
74.888613
50.229985
41.680361
80.309090
98.666964
40.344104
39.070714
40.995908
44.806719
53.539394
42.437265
36.824119
55.751384
49.508943
49.745829
101.583857
36.824119
36.824119
41.928145
59.755210
97.749112
36.824119
36.824119
36.824119
36.824119
44.806719
41.750708
38.477630
36.824119
40.375958
39.967634
81.332177
64.376154
55.751384
36.824119
36.824119
39.274588
93.914309
71.122926
38.043453
43.959634
81.858605
39.844467
70.949243
50.728557
46.414849
57.327087
59.755210
37.167590
59.858862
38.123742
49.045148
82.942872
43.918531
79.566618
43.394473
54.690910
76.571713
51.704822
36.824119
83.784953
36.824119
36.824119
Case #10:
100051.191711
100066.237497
100099.970144
100061.519246
100132.228311
100087.515644
100139.376635
100066.087349
100053.943218
100059.453601
100047.457847
100047.681871
100082.444503
100061.219476
100079.820101
100078.410456
100126.117040
100080.757642
100057.189934
100109.081449
100051.722845
100045.305052
100080.084641
100057.434264
100050.744343
100046.176694
100112.229485
100135.317127
100091.597739
100075.243503
100085.995860
100073.849204
100046.592198
100137.983728
100044.851987
100069.910973
100073.028656
100056.996691
100052.457334
100050.341591
100072.430837
100072.234794
100063.815481
100047.795074
100044.711701
100044.526676
100081.870555
100070.178075
100072.927994
100060.924032
100136.631196
100064.780292
100081.308401
100111.866212
100071.656054
100045.549064
100054.481176
100048.610634
100079.428149
100057.882036
100055.922204
100054.565371
100066.926018
100061.640388
100057.434264
100090.813103
100050.242386
100047.100420
100067.716729
100046.938144
100050.880748
100068.703508
100061.701228
100107.123957
100051.018255
100111.506439
100054.313946
100059.236667
100047.402331
100045.017327
100076.371316
100047.182189
100049.595624
100056.663163
100057.141440
100106.494468
100053.302412
100045.450989
100045.208534
100053.106779
100073.538277
100089.672982
100053.700227
100053.029125
100064.992772
100079.041900
100084.087162
100047.966395
100049.915875
100049.948241
100049.281434
100120.780557
100054.189525
100062.572285
100052.049540
100081.447856
100048.402852
100057.831768
100103.505148
100059.129084
100088.040386
100061.160044
100104.375442
100126.637949
100090.813103
100074.590274
100054.439224
100069.213304
100065.864023
100114.875317
100055.741446
100046.777526
100065.790081
100045.672552
100068.204781
100060.175392
100074.164098
100048.942601
100062.892406
100055.786472
100047.347008
100080.894285
100045.598340
100066.388670
100048.640535
100122.168559
100045.280864
100082.299888
100086.661498
100062.319667
100112.966755
100050.111018
100062.827990
100088.574660
100087.342799
100045.232606
100048.760692
100044.642048
100051.794914
100044.572717
100073.641484
100053.145734
100073.129735
100125.602495
100069.385767
100044.343918
100096.540212
100078.285969
100080.351822
100107.764721
100092.403024
100047.880506
100101.556097
100049.500739
100099.204478
100055.078835
100046.357110
100121.237963
100055.876850
100056.058928
100052.086221
100124.095788
100052.874828
100048.081633
100087.000153
100068.122708
100067.317901
100075.023862
100051.331751
100045.672552
100063.217475
100089.860029
100049.406395
100083.781207
100058.809806
100063.414944
100097.008704
100093.864765
100048.168606
100044.412189
100099.712959
100057.385149
100047.625569
100119.881038
100057.336158
100049.095750
100096.773609
100047.681871
100056.521997
100070.448252
100051.903583
100064.921713
100052.532510
100061.946394
100084.552428
100046.279532
100059.236667
100057.681742
100056.104725
100130.474177
100046.671355
100048.226850
100056.900799
100081.447856
100049.065006
100055.165825
100049.469231
100059.839019
100049.691054
100094.295284
100047.127629
100045.475449
100045.947783
100072.727909
100045.722228
100053.579952
100073.231234
100051.615300
100044.946244
100061.579728
100045.772065
100123.120881
100095.623194
100111.150108
100065.064063
100064.155104
100062.699748
100045.377845
100064.086747
100071.751547
100079.298772
100045.353542
100049.722986
100056.196656
100076.836818
100052.645879
100061.823448
100059.617869
100092.813696
100056.948685
Case #11:
64.234350
64.234350
64.234350
64.234350
64.234350
64.234350
77.649775
64.234350
64.234350
64.234350
64.234350
64.234350
113.725463
64.234350
64.234350
95.441419
68.890487
87.360855
64.234350
64.234350
64.234350
64.234350
64.234350
64.234350
120.337346
64.234350
64.234350
64.234350
64.234350
64.234350
73.223388
64.234350
64.234350
64.234350
71.437183
64.234350
130.164742
64.234350
97.289696
129.518759
64.234350
72.878264
64.234350
64.234350
64.234350
64.234350
93.694631
64.362322
74.532114
64.234350
64.234350
64.234350
64.234350
64.234350
64.234350
86.393373
64.234350
65.743123
64.234350
64.234350
64.234350
66.252109
64.234350
64.234350
64.234350
64.234350
64.234350
64.234350
64.234350
64.234350
64.234350
64.234350
64.234350
64.234350
64.234350
115.050464
64.234350
84.730030
64.234350
64.234350
64.234350
64.234350
120.854929
67.038253
92.271339
64.234350
64.234350
106.279067
64.234350
64.234350
75.656719
64.234350
64.234350
66.685417
64.234350
64.234350
64.234350
114.603665
64.234350
77.102939
112.867145
64.234350
64.234350
64.234350
64.234350
64.234350
64.234350
64.234350
64.234350
64.234350
67.578167
74.901392
89.187411
64.234350
64.234350
104.215199
98.395296
64.234350
103.227355
64.234350
64.234350
73.107803
94.431429
64.234350
64.234350
64.234350
64.234350
64.234350
70.180125
64.599677
64.234350
64.234350
64.234350
65.576050
66.949519
64.234350
64.234350
108.470618
64.234350
64.234350
65.082371
64.234350
64.234350
76.435368
64.234350
90.910999
64.520267
70.282354
64.234350
64.234350
64.234350
97.562599
64.234350
64.234350
64.234350
79.959565
64.234350
79.510771
64.234350
64.234350
64.234350
124.675211
64.234350
64.234350
64.234350
65.327811
64.234350
64.234350
64.234350
64.234350
65.001170
64.234350
83.159203
118.331583
64.234350
64.234350
74.048134
64.234350
64.234350
68.224863
110.009285
64.234350
79.659528
64.234350
64.234350
64.234350
64.234350
64.234350
119.826357
64.234350
106.994759
64.234350
64.234350
81.672623
64.234350
92.974816
64.234350
117.365595
64.234350
64.234350
64.234350
64.234350
66.861137
70.695784
64.234350
64.234350
64.234350
68.131340
64.234350
84.373270
100.126724
89.187411
64.234350
64.234350
86.015282
64.234350
75.150649
65.659427
64.234350
64.234350
64.234350
64.234350
64.234350
64.234350
64.234350
96.220546
64.234350
64.234350
64.234350
64.234350
64.234350
68.318772
64.234350
64.234350
64.234350
64.234350
104.889738
64.234350
69.675589
64.234350
64.234350
83.500721
64.234350
64.234350
64.234350
65.410244
64.234350
64.234350
91.133548
64.234350
Case #12:
65.620488
125.848042
67.083927
74.469480
66.314356
64.867750
76.423110
114.114562
101.098271
75.549674
65.446555
64.414128
71.383593
63.975876
64.834684
64.907028
128.178760
67.796119
65.535671
63.989447
69.240429
65.700333
86.862034
93.989949
65.939045
66.787415
64.526980
64.113316
65.757858
66.702828
65.604837
65.291762
68.857152
64.612735
83.358078
63.969131
90.215483
66.242892
67.412612
68.571798
66.048818
65.005698
64.617619
66.463249
65.749552
64.578920
76.045087
64.124381
66.690944
68.880020
85.764785
105.817654
101.393449
65.029619
118.119794
65.636243
64.271239
64.692379
68.447156
65.172712
89.595438
81.913844
64.235295
68.550725
67.779214
64.807542
65.528113
68.972902
76.296476
73.210105
87.237249
64.754350
65.842474
64.200089
67.663227
66.849385
64.522333
63.972499
112.867371
64.912701
69.687305
76.936022
72.441186
65.109306
65.264739
67.251069
66.632266
64.878895
69.400328
65.475877
67.222573
65.439286
94.706528
64.462927
67.111159
64.593339
100.515568
88.788255
66.655593
69.116552
93.289393
79.379042
64.023881
65.993332
64.508452
82.546393
64.440580
64.037864
64.536319
65.023614
66.887211
68.678988
65.319120
66.002498
68.926180
65.885902
66.714761
66.095991
67.551188
64.449488
68.060378
64.884489
65.244688
65.513068
67.236789
65.566157
66.183138
65.975108
65.498120
87.426690
94.706528
67.308855
64.738671
65.589289
64.873313
126.418785
64.764875
64.341236
89.595438
68.996479
103.534724
106.498160
65.505581
64.775455
64.203962
67.152467
68.326647
64.545702
63.935846
66.812045
64.259172
67.458142
71.906557
92.379231
64.087779
74.943813
65.121835
69.591251
65.047740
65.966043
64.890100
64.652141
64.353886
65.179154
64.051969
64.503849
64.436147
74.469480
67.070404
78.401602
65.490681
70.075538
68.229228
64.392380
64.728287
64.749112
107.899512
65.374866
66.951352
81.295618
64.550411
77.065872
65.218237
64.128087
66.430650
68.386398
65.558500
64.066198
67.111159
68.426787
66.964348
70.570078
70.770847
66.105530
123.640010
63.865008
65.684148
126.997363
64.303830
65.251350
120.040567
132.589140
65.205132
63.929269
85.231527
65.185622
65.774548
64.370889
64.324514
66.030189
77.859024
64.531645
96.190272
67.712439
63.861862
74.235666
68.722743
63.982644
63.906477
104.171867
66.496240
64.677191
65.244688
63.909714
65.231423
69.068076
64.207849
64.379457
64.802157
64.702571
Case #13:
84.515425
66.740865
66.740865
66.740865
66.740865
66.740865
114.332390
66.740865
117.041147
66.740865
92.450033
66.740865
87.874955
86.710997
66.740865
77.382323
97.590007
66.740865
74.329415
115.470054
66.740865
66.740865
66.740865
66.740865
66.740865
83.918136
81.378846
68.518871
66.740865
101.015254
66.740865
100.250941
66.740865
84.971858
66.740865
66.740865
66.740865
81.923192
70.014004
99.258333
66.740865
82.902667
66.740865
78.326045
91.669850
66.740865
138.675049
69.171446
66.740865
75.809804
96.900317
66.740865
66.740865
66.740865
66.740865
76.249285
86.066297
109.435131
80.977633
134.231211
73.621017
66.740865
66.740865
66.740865
66.740865
89.087081
66.740865
66.740865
66.740865
66.740865
66.740865
96.003072
71.247050
66.740865
66.740865
66.740865
85.592099
70.977344
79.180758
66.740865
136.717185
98.532928
66.740865
75.058663
105.117666
66.740865
69.421013
66.740865
125.000000
66.740865
66.740865
66.740865
66.740865
66.740865
66.740865
66.740865
68.842839
66.740865
110.431526
75.485136
71.611487
66.740865
66.740865
66.740865
66.740865
141.421356
66.740865
77.037122
66.740865
66.740865
66.740865
66.740865
66.740865
66.740865
66.740865
66.740865
66.740865
66.740865
66.740865
69.758011
118.678166
66.740865
66.740865
66.740865
66.740865
73.323558
132.453236
66.740865
66.740865
66.740865
66.740865
90.909091
95.346259
66.740865
66.740865
66.740865
68.278874
66.740865
103.975049
121.716124
66.740865
72.547625
66.740865
70.359754
66.740865
66.740865
66.740865
66.740865
83.333333
76.583958
66.740865
67.191314
66.740865
66.740865
80.451799
78.688948
66.890006
66.740865
66.740865
66.740865
80.064077
66.740865
94.491118
66.740865
66.740865
66.740865
66.740865
66.740865
66.740865
93.048421
74.023321
66.740865
82.338697
66.740865
66.740865
130.188911
66.740865
66.740865
66.740865
66.740865
66.740865
71.888515
74.743509
105.999788
66.740865
90.350790
102.062073
66.740865
119.952029
66.740865
66.740865
107.211253
66.740865
66.740865
70.622455
66.740865
66.740865
66.740865
66.740865
66.740865
66.740865
66.740865
66.740865
67.419986
77.849894
103.142125
123.091491
66.740865
66.740865
66.740865
89.622143
66.740865
93.864651
87.204144
66.740865
66.740865
66.740865
66.740865
67.962767
67.728546
66.740865
66.740865
66.740865
72.262937
66.740865
66.740865
66.740865
66.740865
66.740865
66.740865
88.388348
126.491106
66.740865
111.803399
108.147614
72.932496
66.740865
66.740865
66.740865
66.740865
128.564869
112.866530
66.740865
66.740865
66.740865
66.740865
66.740865
66.740865
66.740865
79.555728
Case #14:
8.166001
8.028342
10.686090
16.236675
19.024516
8.047492
8.057203
8.010596
8.097053
8.073946
8.075875
14.061373
18.710039
13.626700
8.006177
9.874556
8.049230
11.931471
10.573601
8.067303
13.746761
16.440918
15.577519
11.699770
11.110064
10.156743
12.394592
8.008376
13.284553
8.159340
8.121217
10.952912
8.105591
10.983809
15.318595
10.629399
8.042351
8.051860
8.101288
8.023585
13.395722
18.558539
10.861763
9.763727
17.103232
20.665914
15.944099
18.865312
8.077820
11.410842
8.113291
19.885785
8.033195
12.623716
13.509731
14.540486
13.567837
8.188133
11.174846
10.036255
11.240775
8.115532
8.103431
11.737450
8.082746
12.306373
12.220011
11.813917
8.111069
9.698994
8.031567
13.807995
8.072986
12.177507
11.341894
8.292946
12.439418
8.415811
20.462304
19.527453
8.088782
8.158026
15.757612
14.837262
14.761367
8.021241
8.003998
10.385013
8.253171
17.342450
11.852715
8.388036
10.464592
18.125206
8.081753
8.005448
11.207665
15.850032
8.017384
8.130567
13.229996
8.148995
11.588869
13.018302
10.083933
8.084742
8.007641
8.098106
8.124686
14.329233
8.036485
8.001839
14.193408
8.038147
16.545973
12.767444
8.079779
8.071078
9.807609
10.437863
16.137368
9.989247
8.306332
8.018919
8.038982
8.065437
8.069183
8.486474
8.061744
9.133130
8.044053
8.132954
12.093811
10.281676
10.358887
8.053628
14.469034
8.226970
8.002556
11.625485
17.852631
8.443864
8.102357
8.240040
20.072510
8.011341
8.201018
8.015100
8.046628
8.135363
10.231152
8.094961
10.206167
8.151546
8.117792
8.279624
8.025160
8.122369
10.891893
10.601390
9.742005
8.137792
17.465885
12.816456
8.108864
11.274180
12.718991
9.897178
10.831882
10.743697
8.086754
8.022801
8.092885
13.932956
8.034014
8.147728
12.530551
8.015859
10.772852
8.059010
16.653068
8.096005
19.187819
10.518673
8.120071
8.016620
8.063584
12.671085
11.516664
12.966948
18.410659
10.108029
8.013589
8.009854
14.126928
9.677701
8.050980
8.127023
12.916196
11.078093
11.971443
8.090826
11.376211
15.152983
10.546030
8.100223
20.264596
15.489757
10.132298
12.052606
8.020464
8.141477
8.045767
16.873648
8.012088
8.156718
8.000411
8.106677
9.829773
8.118929
13.122868
14.992630
8.129380
8.146466
10.922275
8.161986
17.720875
8.457996
8.140243
8.143961
8.083742
10.332957
8.164657
9.942892
8.142716
11.014969
8.333301
14.686626
8.059918
8.154120
8.040661
8.035659
8.360534
8.029949
8.085746
8.026746
11.481063
Case #15:
56.545929
60.274877
44.743737
44.743737
44.743737
64.348945
44.743737
47.047979
96.900317
44.743737
84.895272
50.734629
80.845208
75.485136
44.743737
91.863042
51.639778
44.850348
50.395263
57.236381
44.743737
55.427400
62.807429
44.743737
44.743737
60.522753
44.743737
82.902667
57.591228
85.125653
44.743737
44.743737
63.372425
44.743737
53.093187
44.743737
65.477060
46.337960
80.064077
44.743737
44.743737
54.861478
44.743737
48.322714
44.743737
54.252564
44.743737
86.066297
63.757671
44.743737
82.689823
54.433105
49.829006
44.743737
79.681907
106.752103
70.143062
70.403334
44.743737
90.721842
48.970211
44.743737
68.041382
53.779766
50.204371
58.470535
44.743737
87.537622
45.086268
87.790256
44.743737
73.029674
80.647784
44.743737
55.555556
44.743737
44.743737
61.721340
67.573738
44.743737
44.743737
44.743737
44.743737
68.639822
52.595168
53.376051
55.110850
77.849894
44.743737
44.743737
44.743737
78.027431
104.972776
44.743737
63.277200
44.743737
83.333333
66.555833
96.225045
95.563697
82.478610
62.166987
81.044090
73.471836
44.743737
65.060005
83.117163
100.886654
44.743737
57.519731
88.302157
114.896998
68.883659
44.743737
44.743737
89.893315
46.207078
61.633355
44.743737
44.743737
44.743737
44.743737
48.112522
44.743737
44.743737
44.743737
44.743737
88.823118
47.910038
62.900546
87.038828
50.636968
60.773713
46.109788
44.743737
44.743737
44.743737
50.251891
70.932690
44.743737
44.743737
44.743737
67.229265
44.743737
44.743737
47.799161
78.386180
52.814773
44.743737
44.743737
108.147614
44.743737
114.332390
55.363653
75.005860
59.002441
44.743737
44.743737
115.470054
77.498426
66.890006
44.743737
44.743737
54.799662
46.637427
62.622429
57.096267
44.743737
82.060994
48.154341
44.743737
44.743737
44.743737
54.985740
48.838629
44.743737
44.743737
50.539870
44.743737
44.743737
58.321184
44.743737
45.885620
51.588215
51.130999
70.799233
86.306370
56.143461
113.227703
53.205792
54.923504
44.743737
44.743737
54.014613
87.287156
83.770782
110.600253
54.372725
45.759274
74.691369
92.747779
52.432251
44.743737
44.743737
54.133196
50.491529
66.335813
45.790735
91.573709
44.743737
49.507377
74.848119
44.743737
44.743737
71.611487
44.743737
Case #16:
20.593645
20.642345
31.384457
20.576766
40.234314
20.563293
20.557089
42.721396
28.388309
35.586629
25.971138
20.590192
20.571560
37.272894
33.589501
42.932367
20.658918
25.877548
20.555865
33.091851
28.958031
20.545662
33.899088
40.769605
36.335903
29.916711
20.629653
26.504681
20.628103
31.057526
20.596434
20.565812
20.551619
20.618943
20.644777
20.655537
26.914044
31.219708
34.656098
34.004201
40.060515
20.582065
20.617442
20.662333
20.651359
20.564550
34.217396
42.106667
25.693364
20.578083
20.552221
37.988370
38.746696
29.633134
30.740605
26.707010
20.554037
20.589507
20.656380
27.288239
41.326847
34.996428
20.660620
20.638327
20.634356
20.597839
33.794943
20.556477
20.632783
27.125969
32.249204
20.640731
20.550417
35.346986
20.607125
28.205746
20.541565
36.596379
20.639126
29.703272
32.159498
30.897847
20.546843
35.112119
20.608578
20.600664
28.637334
27.398051
20.664052
20.658070
20.647232
20.548622
25.602734
27.793100
27.019383
20.612241
20.570274
31.982310
25.739041
20.648876
26.161405
20.557702
38.437952
29.845054
39.719568
20.549818
30.208589
20.609306
20.627330
21.181048
20.605676
34.768436
20.542729
20.604237
20.620450
30.134819
20.580067
20.540405
27.233826
20.649700
20.592951
26.554832
36.465444
29.425665
20.559555
32.898894
30.061587
33.387760
26.113446
20.622728
43.146495
20.615201
20.625019
20.581396
25.380291
20.587460
20.631215
20.636734
20.612979
20.553429
30.509179
20.572854
20.549220
26.306882
20.591568
20.563921
20.610769
20.561418
31.808018
20.569633
20.621208
20.572206
20.615946
42.308619
27.909147
20.664914
20.601377
20.599955
28.085976
28.512006
27.621713
20.635939
20.643965
20.575457
26.405226
40.410395
20.586100
31.551842
37.554203
20.598543
20.585424
40.952840
20.584077
29.563491
20.543896
20.645594
20.560796
32.070537
26.655993
20.595035
25.831131
20.648053
20.574154
38.136474
41.711291
32.430891
32.522894
26.861834
31.894807
27.735617
37.697267
35.955412
31.721934
20.579405
26.258120
34.434651
29.089361
29.155699
20.582735
39.224086
25.468571
28.266208
20.554645
32.709273
33.288243
27.967718
38.903884
20.547435
20.567079
20.654697
20.613718
30.585739
20.562040
28.828464
20.560175
36.997814
20.626558
36.728735
20.544484
26.809927
20.562665
36.207734
20.652191
38.591398
20.584750
20.602804
26.018315
20.570917
20.653860
39.552327
20.665780
28.764330
27.509200
20.578743
20.568354
25.513057
30.357768
27.179737
20.667518
20.558936
29.289749
20.588141
20.623490
35.831214
20.548028
Case #17:
49.332777
49.332604
49.332805
49.333041
93.176590
49.332599
51.054560
65.633844
63.947556
51.351910
49.333448
70.357608
49.333133
49.333285
64.180516
49.332794
49.332826
57.700376
49.332602
49.332650
49.332590
49.333416
49.332621
69.748440
49.333519
49.333854
49.333537
96.183056
49.332673
49.332854
72.792844
54.143724
49.332900
49.333320
49.333714
57.615460
49.332624
54.570619
49.332873
49.332582
94.644028
58.570717
49.333180
49.333881
49.332663
49.332888
49.333259
49.333663
49.332638
65.016391
49.332591
52.920747
49.332951
49.859803
49.332972
105.710421
93.537042
49.333126
49.332669
49.333201
49.332781
49.333302
54.073544
49.332765
49.332867
89.152662
49.332688
50.937058
49.332705
49.333350
49.332578
49.332674
78.965829
49.333576
49.333329
74.381238
49.332995
49.332734
52.595478
49.333488
49.332824
49.332648
49.332942
52.724864
49.333381
57.362944
49.332890
49.332748
49.332796
49.332848
49.332761
49.333832
49.333001
49.333223
82.456414
49.332925
49.333595
49.333555
49.333353
49.333185
49.332585
66.398536
49.332981
49.333806
49.333341
49.332640
53.864631
49.332873
49.333789
65.384759
49.641598
49.333015
49.333242
49.332696
76.274193
49.332717
49.332725
49.372827
49.333544
49.333154
59.669013
64.063718
52.276134
49.332627
49.333169
62.170887
81.480564
49.332832
49.333739
74.564218
77.481775
49.333710
49.333674
49.333156
84.251943
70.825105
49.332790
55.760310
49.333468
51.532834
49.332752
49.332863
85.608745
61.234368
49.332561
50.192576
85.332140
49.332842
49.333438
105.190956
54.355915
49.332708
52.789917
58.130660
55.007774
77.276525
49.332871
49.333038
49.804982
49.333562
60.338935
49.333052
49.333185
64.894978
52.403172
53.052555
49.332940
49.333215
49.333602
76.274193
49.332807
49.333193
49.333029
49.333086
53.252126
77.276525
49.332576
49.332607
49.859803
49.333332
49.332986
49.332610
49.333823
49.332999
86.742685
49.332564
70.983021
52.467040
49.333863
60.241849
49.333057
87.922911
49.333628
49.332626
49.332884
64.534781
49.333175
66.269230
55.155844
49.333093
49.333259
49.333632
52.531141
53.319152
106.237658
49.332637
87.326817
79.184875
49.333432
49.333314
49.333311
49.333101
49.332894
49.969991
49.332861
95.021850
49.333584
49.332766
49.333121
49.333188
101.293633
49.332630
49.333136
49.332855
99.939982
57.446746
49.333621
50.361480
49.333084
78.107480
84.518143
49.333113
Case #18:
21.293773
15.875999
15.875999
24.251271
28.340952
19.309134
17.693359
15.875999
18.381748
19.677964
21.609774
15.875999
17.330478
21.024221
35.426190
21.191480
15.875999
32.882270
33.668411
29.826680
21.057356
20.732878
19.870485
15.875999
15.875999
15.957466
15.875999
22.816634
15.875999
16.585288
15.875999
19.543825
21.467602
24.721200
19.360556
18.911988
31.135042
16.766733
16.683523
16.971630
16.089167
29.099091
15.875999
15.875999
15.875999
19.008973
25.392486
15.875999
15.875999
15.875999
15.875999
17.975825
21.977939
15.875999
27.057200
16.044905
16.667030
18.699088
15.875999
15.875999
15.943031
35.585410
15.875999
15.875999
15.875999
15.875999
15.875999
25.334446
15.875999
15.875999
19.650915
36.244455
15.875999
17.914158
30.211557
33.533467
21.865519
15.875999
23.524294
15.875999
15.875999
15.875999
22.608259
23.118284
15.875999
16.133797
15.875999
21.502882
15.875999
15.875999
15.875999
15.875999
18.272266
15.875999
28.839658
15.875999
16.700066
15.875999
24.614412
15.875999
15.875999
15.875999
15.875999
15.875999
16.059618
19.490932
34.224951
15.875999
26.577059
15.875999
23.855306
36.415018
15.875999
19.983066
15.875999
15.875999
17.752766
15.875999
15.875999
15.875999
15.875999
31.028232
15.875999
15.875999
24.150434
28.925363
17.148239
18.745778
30.817869
16.954268
20.545246
15.875999
22.944460
15.875999
17.094678
15.875999
36.588012
24.775117
17.732897
16.300676
24.353383
22.485941
16.783525
15.875999
18.629704
16.504737
15.875999
15.875999
15.875999
15.875999
25.871631
15.875999
24.200695
15.875999
23.296119
15.875999
24.884020
18.143436
15.875999
17.130329
15.875999
15.875999
15.875999
15.875999
15.875999
16.936959
15.875999
17.634544
17.349023
21.225414
34.083233
15.875999
15.875999
15.875999
15.875999
16.362656
15.875999
21.791524
15.875999
15.875999
16.569083
18.250604
36.763495
20.422952
15.875999
15.875999
18.936095
29.275987
28.670509
15.875999
15.875999
18.359694
21.362797
22.286417
16.163757
15.875999
18.186076
28.422275
15.875999
15.875999
15.875999
16.733300
15.875999
15.875999
31.686148
15.875999
19.258119
15.875999
15.875999
22.445607
25.688791
18.984587
15.875999
19.570433
26.058433
16.749992
15.875999
15.875999
15.875999
22.526493
Case #19:
53.599838
53.340902
53.554906
66.980063
53.556592
53.656631
53.324231
56.238894
113.092761
119.560341
72.682974
53.771519
70.303383
57.434930
53.294364
62.025122
54.116513
54.829762
105.904778
94.578720
53.291927
53.953296
53.641620
71.905594
58.230833
53.350028
53.758721
53.373992
55.057273
53.948115
84.130529
86.470890
53.756605
53.256271
102.789248
53.488543
118.978536
53.817751
76.216740
108.436724
53.711251
55.638675
53.491661
68.034932
53.668058
53.531654
53.372642
104.312135
53.367262
64.822010
61.065913
53.485436
60.075383
113.592069
53.353972
53.425639
110.691367
53.566774
96.369012
53.515428
53.982288
115.130632
53.530018
68.471058
73.350417
54.040085
54.023231
55.229776
54.080532
59.417203
53.969005
57.630843
80.144607
80.500017
75.914891
53.731588
94.870180
93.720196
53.739851
81.042111
53.252796
56.484480
53.382144
53.813248
78.270616
53.437254
57.370069
117.839959
53.890422
54.153782
53.634210
53.662326
53.587509
53.658525
53.295586
56.608485
53.630527
53.390381
98.591983
69.483832
53.829103
69.948612
82.159986
56.796035
61.943456
66.470702
53.432879
53.253952
73.622590
53.915088
53.311646
82.543018
82.350834
67.187112
53.548198
108.002106
54.383077
59.131542
91.540358
53.398703
63.377327
64.268754
54.083483
54.014908
69.831543
53.270333
62.605972
62.438352
59.707045
92.884635
53.474653
103.925075
58.710672
81.225257
70.663608
53.321697
55.936369
53.285867
53.847554
53.937834
63.290211
88.538215
53.820011
53.719331
83.524539
70.422845
53.454993
53.363252
56.422782
53.317913
115.657549
93.439175
90.252807
53.414187
53.777985
53.421325
89.752787
53.401496
53.608753
56.117296
97.303144
53.502668
53.636056
57.305426
53.523502
53.486988
53.563367
67.501317
54.092388
56.858966
71.651958
53.419893
53.932733
68.251950
53.955897
58.028759
53.979617
53.288285
53.391762
79.793863
54.006653
53.744011
53.760841
109.772751
59.853566
54.549301
53.925132
64.451596
54.773324
72.815005
66.270186
83.127746
118.405142
53.428527
53.892861
54.098367
54.122633
53.319172
107.572673
54.031623
74.599615
82.931458
53.687434
70.542918
53.400098
53.795450
53.788862
53.927659
92.071032
111.159409
60.224639
53.408522
54.131881
53.695303
82.736554
53.412767
60.001170
65.582412
67.607035
53.449037
56.733311
53.427082
53.473124
53.880729
78.936761
66.774917
67.713252
53.441653
53.838284
53.987652
57.828774
54.034436
53.465521
68.915680
53.709242
53.279855
59.202571
53.784496
59.345400
58.366728
57.176794
Case #20:
31.111861
31.100434
31.120709
31.105780
31.137149
31.084182
33.301650
33.372883
31.140570
34.187880
31.098449
31.119983
34.303706
31.070256
31.126435
40.764301
31.097471
31.966367
54.208269
31.079364
31.076020
40.829576
41.431519
36.195695
31.081494
64.505562
31.116427
31.090332
55.807676
31.356266
70.381338
31.102458
31.091978
36.104865
31.108127
48.294730
33.021210
31.107268
34.264966
31.128238
39.227788
49.299814
31.067932
43.176762
65.293847
31.074932
31.079202
38.604636
31.119743
33.230870
31.142319
31.107912
31.935012
31.114348
36.996477
31.087473
31.099835
49.531815
31.134649
35.573882
35.704429
38.277009
31.130865
31.718081
31.159345
31.105359
31.156665
37.292060
31.083503
46.456196
31.146201
31.142908
31.137995
48.622897
37.646026
39.821283
58.305088
31.132202
31.086771
31.078557
56.838058
47.762247
41.500058
60.309281
31.129020
31.070846
42.423183
39.285946
31.124912
31.102254
43.332354
47.867334
67.546017
31.070698
31.107482
31.145595
31.089071
31.089610
53.023245
41.707732
31.130070
31.096118
31.088003
56.315799
31.119502
31.093464
31.112084
31.081163
51.778719
31.065385
31.100234
42.277147
57.557556
31.089250
31.116661
45.251743
32.124539
31.133283
36.014715
31.112309
31.156997
34.901029
31.072188
41.295455
32.714029
48.403379
31.119263
31.088358
31.078236
31.092532
31.094972
42.645102
41.160722
31.099437
45.795872
31.124409
31.155020
37.045253
31.134100
68.763160
36.851298
36.803283
31.098253
39.640413
31.505511
31.085727
58.496567
31.088536
31.144095
31.086596
31.137430
31.104940
31.071888
31.067360
31.073702
31.067502
35.107180
31.069232
72.119411
31.075397
31.157663
52.183774
52.598486
31.069523
47.554131
31.147421
31.067645
31.127978
31.147115
31.116194
31.094782
61.392120
31.084352
31.110749
31.126947
37.594842
31.101643
63.011022
60.735500
31.114807
44.386429
31.086074
36.379430
68.146438
31.085037
31.133012
31.070551
38.385289
31.099636
31.084523
31.385945
31.122174
31.133827
31.125417
31.143500
50.493687
31.090151
37.852874
40.253130
65.027883
31.158669
31.150214
31.113664
37.543866
34.381580
51.513865
49.415406
31.077280
31.160365
36.150194
45.888482
31.092162
43.971981
36.059705
31.656908
32.156456
